  year  month  day    lat     lon     vgs     ugs   adts
1993.0    1.0  1.0 34.125 127.625 -0.0256 -0.0160 0.5677
1993.0    1.0  1.0 34.125 127.875  0.0241 -0.0004 0.5649
1993.0    1.0  1.0 34.125 128.125  0.0721  0.0364 0.5734
1993.0    1.0  1.0 34.125 128.375  0.1105  0.0873 0.5841
1993.0    1.0  1.0 34.125 128.625  0.1525  0.1366 0.6017
1993.0    1.0  1.0 34.125 128.875  0.1926  0.1523 0.6337
1993.0    1.0  1.0 34.125 129.125  0.1530  0.1178 0.6580
1993.0    1.0  1.0 34.125 129.375  0.0946  0.1140 0.6687
1993.0    1.0  1.0 34.125 129.625  0.1139  0.1407 0.6860
1993.0    1.0  1.0 34.125 129.875  0.1367  0.1297 0.7086
1993.0    1.0  1.0 34.125 130.125  0.1022  0.1004 0.7297
1993.0    1.0  1.0 34.125 130.375  0.0078  0.0710 0.7338
1993.0    1.0  1.0 34.125 130.625 -0.0496  0.0269 0.7074
1993.0    1.0  1.0 34.125 130.875 -0.0718  0.0130 0.6725
1993.0    1.0  1.0 34.125 131.125 -0.1323  0.0450 0.6373
1993.0    1.0  1.0 34.125 131.375 -0.1135  0.0317 0.6372
1993.0    1.0  1.0 34.125 132.375  0.5464  0.4345 0.8572
1993.0    1.0  1.0 34.125 132.625  0.4900  0.4691 0.9357
1993.0    1.0  1.0 34.125 133.125  0.2383  0.4390 1.0754
1993.0    1.0  1.0 34.125 134.875 -0.1806 -0.0218 0.5362
1993.0    1.0  1.0 34.125 136.625 -0.1097 -0.0107 0.5793
1993.0    1.0  1.0 34.125 136.875 -0.3028 -0.0638 0.5284
1993.0    1.0  1.0 34.125 137.125 -0.4252 -0.2568 0.4390
1993.0    1.0  1.0 34.125 137.375 -0.4582 -0.5037 0.3338
1993.0    1.0  1.0 34.125 137.625 -0.2518 -0.6471 0.2466
1993.0    1.0  1.0 34.125 137.875  0.1432 -0.6156 0.2313
1993.0    1.0  1.0 34.125 138.125  0.4994 -0.4703 0.2953
1993.0    1.0  1.0 34.125 138.375  0.6791 -0.2754 0.4164
1993.0    1.0  1.0 34.125 138.625  0.6582 -0.0882 0.5612
1993.0    1.0  1.0 34.125 138.875  0.5217  0.0549 0.6960
1993.0    1.0  1.0 34.125 139.125  0.4089  0.2118 0.7852
1993.0    1.0  1.0 34.125 139.375  0.4153  0.3976 0.8468
1993.0    1.0  1.0 34.125 139.625  0.4898  0.5562 0.9388
1993.0    1.0  1.0 34.125 139.875  0.5185  0.5952 1.0549
1993.0    1.0  1.0 34.125 140.125  0.4648  0.4821 1.1560
1993.0    1.0  1.0 34.125 140.375  0.3337  0.2795 1.2318
1993.0    1.0  1.0 34.125 140.625  0.1535  0.0645 1.2784
1993.0    1.0  1.0 34.125 140.875  0.0419 -0.0927 1.2980
1993.0    1.0  1.0 34.125 141.125  0.1021 -0.1391 1.3113
1993.0    1.0  1.0 34.125 141.375  0.2481 -0.0929 1.3441
1993.0    1.0  1.0 34.125 141.625  0.3003 -0.0406 1.3959
1993.0    1.0  1.0 34.125 141.875  0.2442 -0.0485 1.4433
1993.0    1.0  1.0 34.375 127.625 -0.0111 -0.0977 0.5828
1993.0    1.0  1.0 34.375 127.875  0.0010 -0.0957 0.5780
1993.0    1.0  1.0 34.375 128.125  0.0123 -0.0571 0.5769
1993.0    1.0  1.0 34.375 128.375  0.0404  0.0131 0.5758
1993.0    1.0  1.0 34.375 128.625  0.1077  0.0887 0.5831
1993.0    1.0  1.0 34.375 128.875  0.1955  0.1382 0.6081
1993.0    1.0  1.0 34.375 129.125  0.1975  0.1274 0.6395
1993.0    1.0  1.0 34.375 129.375  0.1347  0.0938 0.6508
1993.0    1.0  1.0 34.375 129.625  0.1344  0.0868 0.6608
1993.0    1.0  1.0 34.375 129.875  0.1555  0.1013 0.6856
1993.0    1.0  1.0 34.375 130.125  0.1253  0.1227 0.7062
1993.0    1.0  1.0 34.375 130.375  0.0589  0.1114 0.7154
1993.0    1.0  1.0 34.375 130.625  0.0178  0.0513 0.7093
1993.0    1.0  1.0 34.375 130.875 -0.0035 -0.0319 0.6904
1993.0    1.0  1.0 34.375 131.125 -0.0893 -0.1367 0.6591
1993.0    1.0  1.0 34.375 133.625  0.1719  0.4105 1.0376
1993.0    1.0  1.0 34.375 134.625 -0.1566  0.1217 0.6752
1993.0    1.0  1.0 34.375 134.875 -0.1228  0.0644 0.6225
1993.0    1.0  1.0 34.375 135.125 -0.0139 -0.0012 0.4972
1993.0    1.0  1.0 34.375 136.875 -0.1160  0.0706 0.6645
1993.0    1.0  1.0 34.375 137.125 -0.1438 -0.0856 0.6014
1993.0    1.0  1.0 34.375 137.375 -0.1551 -0.3555 0.5391
1993.0    1.0  1.0 34.375 137.625 -0.0735 -0.5981 0.4727
1993.0    1.0  1.0 34.375 137.875  0.1138 -0.6166 0.4483
1993.0    1.0  1.0 34.375 138.125  0.2918 -0.4754 0.4682
1993.0    1.0  1.0 34.375 138.375  0.4137 -0.2783 0.5305
1993.0    1.0  1.0 34.375 138.625  0.4044 -0.0701 0.6105
1993.0    1.0  1.0 34.375 138.875  0.2701  0.0969 0.7053
1993.0    1.0  1.0 34.375 139.125  0.1566  0.2682 0.7733
1993.0    1.0  1.0 34.375 139.375  0.1771  0.4598 0.7993
1993.0    1.0  1.0 34.375 139.625  0.3115  0.6405 0.8430
1993.0    1.0  1.0 34.375 139.875  0.4719  0.7643 0.9157
1993.0    1.0  1.0 34.375 140.125  0.5658  0.8113 1.0121
1993.0    1.0  1.0 34.375 140.375  0.5417  0.7628 1.1160
1993.0    1.0  1.0 34.375 140.625  0.4201  0.5881 1.2100
1993.0    1.0  1.0 34.375 140.875  0.2716  0.3179 1.2815
1993.0    1.0  1.0 34.375 141.125  0.1935  0.0879 1.3281
1993.0    1.0  1.0 34.375 141.375  0.2308 -0.0114 1.3669
1993.0    1.0  1.0 34.375 141.625  0.2883 -0.0282 1.4144
1993.0    1.0  1.0 34.375 141.875  0.2820 -0.0435 1.4646
1993.0    1.0  1.0 34.625 127.625  0.0159 -0.0780 0.6142
1993.0    1.0  1.0 34.625 127.875 -0.0070 -0.0739 0.6111
1993.0    1.0  1.0 34.625 128.125 -0.0325 -0.0647 0.6072
1993.0    1.0  1.0 34.625 128.375 -0.0297 -0.0427 0.5929
1993.0    1.0  1.0 34.625 128.625  0.0334  0.0254 0.5795
1993.0    1.0  1.0 34.625 128.875  0.1322  0.1084 0.5803
1993.0    1.0  1.0 34.625 129.125  0.2138  0.1456 0.6126
1993.0    1.0  1.0 34.625 129.375  0.2085  0.1006 0.6361
1993.0    1.0  1.0 34.625 129.625  0.1616  0.0451 0.6483
1993.0    1.0  1.0 34.625 129.875  0.1201  0.0653 0.6686
1993.0    1.0  1.0 34.625 130.125  0.0854  0.1110 0.6789
1993.0    1.0  1.0 34.625 130.375  0.0808  0.1250 0.6869
1993.0    1.0  1.0 34.625 130.625  0.1007  0.0879 0.6984
1993.0    1.0  1.0 34.625 130.875  0.0748 -0.0088 0.7005
1993.0    1.0  1.0 34.625 131.125 -0.0188 -0.1145 0.6944
1993.0    1.0  1.0 34.625 131.375 -0.0895 -0.1913 0.6783
1993.0    1.0  1.0 34.625 134.625 -0.0550  0.1604 0.7325
1993.0    1.0  1.0 34.625 136.875  0.0096 -0.0286 0.7295
1993.0    1.0  1.0 34.625 137.125  0.0492 -0.0983 0.6955
1993.0    1.0  1.0 34.625 137.375  0.0829 -0.2303 0.6741
1993.0    1.0  1.0 34.625 137.625  0.0633 -0.3752 0.6239
1993.0    1.0  1.0 34.625 138.375  0.1679 -0.0433 0.5974
1993.0    1.0  1.0 34.625 138.625  0.2034  0.1569 0.6229
1993.0    1.0  1.0 34.625 138.875  0.0594  0.2921 0.6704
1993.0    1.0  1.0 34.625 139.125 -0.0584  0.4217 0.7105
1993.0    1.0  1.0 34.625 139.375 -0.0053  0.5869 0.7042
1993.0    1.0  1.0 34.625 139.625  0.1310  0.7163 0.7102
1993.0    1.0  1.0 34.625 139.875  0.3019  0.8341 0.7505
1993.0    1.0  1.0 34.625 140.125  0.4489  0.9629 0.8178
1993.0    1.0  1.0 34.625 140.375  0.5645  1.0741 0.9063
1993.0    1.0  1.0 34.625 140.625  0.6604  1.0185 1.0216
1993.0    1.0  1.0 34.625 140.875  0.6450  0.7631 1.1558
1993.0    1.0  1.0 34.625 141.125  0.4879  0.4370 1.2709
1993.0    1.0  1.0 34.625 141.375  0.3623  0.1947 1.3519
1993.0    1.0  1.0 34.625 141.625  0.3388  0.0715 1.4155
1993.0    1.0  1.0 34.625 141.875  0.3207  0.0096 1.4741
1993.0    1.0  1.0 34.875 128.125 -0.0203 -0.0069 0.6328
1993.0    1.0  1.0 34.875 128.375 -0.0261 -0.0368 0.6164
1993.0    1.0  1.0 34.875 128.625 -0.0199  0.0155 0.5791
1993.0    1.0  1.0 34.875 128.875  0.0397  0.0998 0.5570
1993.0    1.0  1.0 34.875 129.125  0.1599  0.1764 0.5601
1993.0    1.0  1.0 34.875 129.375  0.2375  0.1637 0.5844
1993.0    1.0  1.0 34.875 129.625  0.1938  0.1140 0.6165
1993.0    1.0  1.0 34.875 129.875  0.0814  0.1040 0.6396
1993.0    1.0  1.0 34.875 130.125  0.0358  0.1264 0.6464
1993.0    1.0  1.0 34.875 130.375  0.0773  0.1439 0.6548
1993.0    1.0  1.0 34.875 130.625  0.1575  0.1348 0.6770
1993.0    1.0  1.0 34.875 130.875  0.1710  0.0845 0.7022
1993.0    1.0  1.0 34.875 131.125  0.0730  0.0030 0.7177
1993.0    1.0  1.0 34.875 131.375 -0.0481 -0.0801 0.7079
1993.0    1.0  1.0 34.875 131.625 -0.1100 -0.1353 0.6796
1993.0    1.0  1.0 34.875 131.875 -0.1114 -0.1395 0.6638
1993.0    1.0  1.0 34.875 136.875  0.0089 -0.0858 0.7345
1993.0    1.0  1.0 34.875 138.625  0.0449  0.1043 0.6192
1993.0    1.0  1.0 34.875 138.875 -0.0189  0.1888 0.6116
1993.0    1.0  1.0 34.875 139.125 -0.1744  0.2030 0.6065
1993.0    1.0  1.0 34.875 139.375 -0.1263  0.3084 0.6075
1993.0    1.0  1.0 34.875 139.625 -0.0119  0.3984 0.6136
1993.0    1.0  1.0 34.875 139.875  0.0977  0.5093 0.6219
1993.0    1.0  1.0 34.875 140.125  0.2301  0.6627 0.6417
1993.0    1.0  1.0 34.875 140.375  0.4352  0.8893 0.6879
1993.0    1.0  1.0 34.875 140.625  0.7211  1.0182 0.7921
1993.0    1.0  1.0 34.875 140.875  0.9066  1.0139 0.9575
1993.0    1.0  1.0 34.875 141.125  0.8300  0.8424 1.1323
1993.0    1.0  1.0 34.875 141.375  0.6328  0.5667 1.2754
1993.0    1.0  1.0 34.875 141.625  0.4893  0.3274 1.3803
1993.0    1.0  1.0 34.875 141.875  0.3866  0.1932 1.4595
1993.0    1.0  1.0 35.125 129.375  0.2564  0.2099 0.5333
1993.0    1.0  1.0 35.125 129.625  0.2553  0.1712 0.5790
1993.0    1.0  1.0 35.125 129.875  0.1001  0.1045 0.6108
1993.0    1.0  1.0 35.125 130.125  0.0095  0.0782 0.6189
1993.0    1.0  1.0 35.125 130.375  0.0449  0.1057 0.6234
1993.0    1.0  1.0 35.125 130.625  0.1449  0.1493 0.6423
1993.0    1.0  1.0 35.125 130.875  0.2030  0.1797 0.6743
1993.0    1.0  1.0 35.125 131.125  0.1483  0.1614 0.7025
1993.0    1.0  1.0 35.125 131.375 -0.0022  0.1080 0.7102
1993.0    1.0  1.0 35.125 131.625 -0.0938  0.0723 0.6960
1993.0    1.0  1.0 35.125 131.875 -0.0890  0.0329 0.6792
1993.0    1.0  1.0 35.125 132.125 -0.0471  0.0239 0.6660
1993.0    1.0  1.0 35.125 139.375 -0.1605 -0.0815 0.6116
1993.0    1.0  1.0 35.125 139.625 -0.0368  0.0131 0.6575
1993.0    1.0  1.0 35.125 139.875 -0.0020  0.0979 0.6306
1993.0    1.0  1.0 35.125 140.375  0.2429  0.4533 0.5497
1993.0    1.0  1.0 35.125 140.625  0.4714  0.6475 0.6013
1993.0    1.0  1.0 35.125 140.875  0.7823  0.9617 0.7223
1993.0    1.0  1.0 35.125 141.125  0.9641  1.1321 0.8940
1993.0    1.0  1.0 35.125 141.375  0.9325  1.0528 1.0832
1993.0    1.0  1.0 35.125 141.625  0.7425  0.8509 1.2453
1993.0    1.0  1.0 35.125 141.875  0.5184  0.6808 1.3628
1993.0    1.0  1.0 35.375 129.625  0.3292  0.1575 0.5464
1993.0    1.0  1.0 35.375 129.875  0.1853  0.0817 0.5940
1993.0    1.0  1.0 35.375 130.125  0.0188  0.0211 0.6094
1993.0    1.0  1.0 35.375 130.375 -0.0028  0.0234 0.6066
1993.0    1.0  1.0 35.375 130.625  0.0810  0.0713 0.6127
1993.0    1.0  1.0 35.375 130.875  0.1501  0.1422 0.6341
1993.0    1.0  1.0 35.375 131.125  0.1491  0.2027 0.6603
1993.0    1.0  1.0 35.375 131.375  0.0298  0.2169 0.6748
1993.0    1.0  1.0 35.375 131.625 -0.0663  0.1997 0.6682
1993.0    1.0  1.0 35.375 131.875 -0.0462  0.1700 0.6557
1993.0    1.0  1.0 35.375 132.125 -0.0011  0.1291 0.6505
1993.0    1.0  1.0 35.375 132.375  0.0597  0.1006 0.6588
1993.0    1.0  1.0 35.375 140.625  0.1134  0.2184 0.4870
1993.0    1.0  1.0 35.375 140.875  0.3734  0.5061 0.5346
1993.0    1.0  1.0 35.375 141.125  0.7205  0.8478 0.6475
1993.0    1.0  1.0 35.375 141.375  0.9281  1.0947 0.8138
1993.0    1.0  1.0 35.375 141.625  0.8586  1.1926 0.9891
1993.0    1.0  1.0 35.375 141.875  0.6710  1.1572 1.1350
1993.0    1.0  1.0 35.625 129.625  0.3534  0.1154 0.5189
1993.0    1.0  1.0 35.625 129.875  0.2667  0.0804 0.5780
1993.0    1.0  1.0 35.625 130.125  0.0713  0.0190 0.6062
1993.0    1.0  1.0 35.625 130.375 -0.0012 -0.0295 0.6072
1993.0    1.0  1.0 35.625 130.625  0.0225 -0.0249 0.6069
1993.0    1.0  1.0 35.625 130.875  0.0411  0.0417 0.6120
1993.0    1.0  1.0 35.625 131.125  0.0549  0.1370 0.6187
1993.0    1.0  1.0 35.625 131.375  0.0179  0.1922 0.6241
1993.0    1.0  1.0 35.625 131.625 -0.0406  0.1698 0.6217
1993.0    1.0  1.0 35.625 131.875 -0.0300  0.1382 0.6134
1993.0    1.0  1.0 35.625 132.125  0.0153  0.1394 0.6111
1993.0    1.0  1.0 35.625 132.375  0.0781  0.1497 0.6201
1993.0    1.0  1.0 35.625 132.625  0.1422  0.1231 0.6425
1993.0    1.0  1.0 35.625 133.375 -0.0866 -0.0809 0.6197
1993.0    1.0  1.0 35.625 140.875  0.0931  0.0758 0.4838
1993.0    1.0  1.0 35.625 141.125  0.3260  0.2616 0.5235
1993.0    1.0  1.0 35.625 141.375  0.5421  0.5987 0.6095
1993.0    1.0  1.0 35.625 141.625  0.6267  0.9617 0.7212
1993.0    1.0  1.0 35.625 141.875  0.6629  1.1721 0.8455
1993.0    1.0  1.0 35.875 129.875  0.3163  0.0433 0.5660
1993.0    1.0  1.0 35.875 130.125  0.1562 -0.0416 0.6086
1993.0    1.0  1.0 35.875 130.375  0.0396 -0.1175 0.6247
1993.0    1.0  1.0 35.875 130.625 -0.0489 -0.1050 0.6210
1993.0    1.0  1.0 35.875 130.875 -0.0923 -0.0056 0.6039
1993.0    1.0  1.0 35.875 131.125 -0.0486  0.0965 0.5869
1993.0    1.0  1.0 35.875 131.375  0.0150  0.1262 0.5824
1993.0    1.0  1.0 35.875 131.625  0.0120  0.0905 0.5870
1993.0    1.0  1.0 35.875 131.875 -0.0247  0.0608 0.5867
1993.0    1.0  1.0 35.875 132.125 -0.0163  0.0692 0.5833
1993.0    1.0  1.0 35.875 132.375  0.0747  0.0686 0.5893
1993.0    1.0  1.0 35.875 132.625  0.1984  0.0338 0.6170
1993.0    1.0  1.0 35.875 132.875  0.1575 -0.0094 0.6511
1993.0    1.0  1.0 35.875 133.125 -0.0115 -0.0255 0.6617
1993.0    1.0  1.0 35.875 133.375 -0.1300 -0.0290 0.6421
1993.0    1.0  1.0 35.875 133.625 -0.0474 -0.0499 0.6226
1993.0    1.0  1.0 35.875 133.875  0.0966 -0.0848 0.6348
1993.0    1.0  1.0 35.875 134.125  0.1583 -0.0804 0.6691
1993.0    1.0  1.0 35.875 134.375  0.1146 -0.0088 0.6982
1993.0    1.0  1.0 35.875 134.625  0.0458  0.0714 0.7118
1993.0    1.0  1.0 35.875 134.875 -0.0236  0.1322 0.7106
1993.0    1.0  1.0 35.875 135.125 -0.0686  0.1422 0.6960
1993.0    1.0  1.0 35.875 135.375 -0.0428  0.0833 0.6828
1993.0    1.0  1.0 35.875 135.625  0.0028 -0.0003 0.6834
1993.0    1.0  1.0 35.875 135.875 -0.0169 -0.0287 0.6850
1993.0    1.0  1.0 35.875 140.875  0.0522 -0.0833 0.4907
1993.0    1.0  1.0 35.875 141.125  0.0807 -0.0485 0.5155
1993.0    1.0  1.0 35.875 141.375  0.0988  0.1513 0.5289
1993.0    1.0  1.0 35.875 141.625  0.1886  0.4875 0.5483
1993.0    1.0  1.0 35.875 141.875  0.4145  0.7974 0.6061
1993.0    1.0  1.0 36.125 129.625  0.3283  0.0303 0.4938
1993.0    1.0  1.0 36.125 129.875  0.4019 -0.0131 0.5661
1993.0    1.0  1.0 36.125 130.125  0.2866 -0.1238 0.6320
1993.0    1.0  1.0 36.125 130.375  0.0880 -0.2222 0.6675
1993.0    1.0  1.0 36.125 130.625 -0.1536 -0.2135 0.6577
1993.0    1.0  1.0 36.125 130.875 -0.2574 -0.0988 0.6108
1993.0    1.0  1.0 36.125 131.125 -0.1516  0.0261 0.5661
1993.0    1.0  1.0 36.125 131.375  0.0108  0.0806 0.5530
1993.0    1.0  1.0 36.125 131.625  0.0541  0.0840 0.5630
1993.0    1.0  1.0 36.125 131.875  0.0013  0.0702 0.5712
1993.0    1.0  1.0 36.125 132.125 -0.0055  0.0433 0.5724
1993.0    1.0  1.0 36.125 132.375  0.1102  0.0028 0.5827
1993.0    1.0  1.0 36.125 132.625  0.2376 -0.0325 0.6184
1993.0    1.0  1.0 36.125 132.875  0.1734 -0.0369 0.6635
1993.0    1.0  1.0 36.125 133.125 -0.0249 -0.0312 0.6612
1993.0    1.0  1.0 36.125 133.375 -0.0996 -0.0210 0.6367
1993.0    1.0  1.0 36.125 133.625  0.0055 -0.0210 0.6377
1993.0    1.0  1.0 36.125 133.875  0.1123 -0.0487 0.6576
1993.0    1.0  1.0 36.125 134.125  0.1238 -0.0466 0.6869
1993.0    1.0  1.0 36.125 134.375  0.0544 -0.0028 0.7029
1993.0    1.0  1.0 36.125 134.625 -0.0142  0.0439 0.7043
1993.0    1.0  1.0 36.125 134.875 -0.0635  0.0889 0.6962
1993.0    1.0  1.0 36.125 135.125 -0.0567  0.0956 0.6809
1993.0    1.0  1.0 36.125 135.375  0.0242  0.0442 0.6766
1993.0    1.0  1.0 36.125 135.625  0.0786 -0.0197 0.6942
1993.0    1.0  1.0 36.125 135.875  0.0161 -0.0187 0.7047
1993.0    1.0  1.0 36.125 140.875  0.0797 -0.0315 0.4990
1993.0    1.0  1.0 36.125 141.125 -0.0069  0.0046 0.5320
1993.0    1.0  1.0 36.125 141.375 -0.1531  0.0831 0.5127
1993.0    1.0  1.0 36.125 141.625 -0.1480  0.2211 0.4719
1993.0    1.0  1.0 36.125 141.875  0.1069  0.4001 0.4664
1993.0    1.0  1.0 36.375 129.625  0.3340 -0.0058 0.4879
1993.0    1.0  1.0 36.375 129.875  0.4898 -0.0302 0.5716
1993.0    1.0  1.0 36.375 130.125  0.4259 -0.1011 0.6630
1993.0    1.0  1.0 36.375 130.375  0.1641 -0.1919 0.7218
1993.0    1.0  1.0 36.375 130.625 -0.2159 -0.2302 0.7145
1993.0    1.0  1.0 36.375 130.875 -0.4247 -0.1725 0.6434
1993.0    1.0  1.0 36.375 131.125 -0.2992 -0.0526 0.5651
1993.0    1.0  1.0 36.375 131.375 -0.0454  0.0396 0.5322
1993.0    1.0  1.0 36.375 131.625  0.0529  0.0728 0.5371
1993.0    1.0  1.0 36.375 131.875  0.0329  0.0722 0.5482
1993.0    1.0  1.0 36.375 132.125  0.0607  0.0439 0.5584
1993.0    1.0  1.0 36.375 132.375  0.1685 -0.0093 0.5810
1993.0    1.0  1.0 36.375 132.625  0.2427 -0.0255 0.6248
1993.0    1.0  1.0 36.375 132.875  0.1582  0.0110 0.6692
1993.0    1.0  1.0 36.375 133.125 -0.0262  0.0288 0.6635
1993.0    1.0  1.0 36.375 133.375 -0.1004  0.0376 0.6356
1993.0    1.0  1.0 36.375 133.625  0.0062  0.0795 0.6338
1993.0    1.0  1.0 36.375 133.875  0.1260  0.1149 0.6588
1993.0    1.0  1.0 36.375 134.125  0.1178  0.1172 0.6925
1993.0    1.0  1.0 36.375 134.375  0.0197  0.1177 0.7038
1993.0    1.0  1.0 36.375 134.625 -0.0610  0.1455 0.6963
1993.0    1.0  1.0 36.375 134.875 -0.0769  0.1615 0.6802
1993.0    1.0  1.0 36.375 135.125 -0.0040  0.1143 0.6686
1993.0    1.0  1.0 36.375 135.375  0.1052  0.0267 0.6769
1993.0    1.0  1.0 36.375 135.625  0.1264 -0.0319 0.7032
1993.0    1.0  1.0 36.375 135.875 -0.0184 -0.0220 0.7167
1993.0    1.0  1.0 36.375 136.125 -0.1269  0.0408 0.6919
1993.0    1.0  1.0 36.375 140.875  0.0383  0.0306 0.4970
1993.0    1.0  1.0 36.375 141.125 -0.0746  0.1331 0.5088
1993.0    1.0  1.0 36.375 141.375 -0.2250  0.1872 0.4815
1993.0    1.0  1.0 36.375 141.625 -0.2272  0.1798 0.4301
1993.0    1.0  1.0 36.375 141.875 -0.0330  0.1763 0.4034
1993.0    1.0  1.0 36.625 129.625  0.3150 -0.0421 0.4929
1993.0    1.0  1.0 36.625 129.875  0.4896 -0.0090 0.5737
1993.0    1.0  1.0 36.625 130.125  0.4806  0.0189 0.6717
1993.0    1.0  1.0 36.625 130.375  0.2421 -0.0047 0.7463
1993.0    1.0  1.0 36.625 130.625 -0.1851 -0.0693 0.7518
1993.0    1.0  1.0 36.625 130.875 -0.4919 -0.1165 0.6780
1993.0    1.0  1.0 36.625 131.125 -0.4122 -0.1015 0.5808
1993.0    1.0  1.0 36.625 131.375 -0.1118 -0.0509 0.5285
1993.0    1.0  1.0 36.625 131.625  0.0368 -0.0129 0.5251
1993.0    1.0  1.0 36.625 131.875  0.0364  0.0155 0.5334
1993.0    1.0  1.0 36.625 132.125  0.1004  0.0272 0.5453
1993.0    1.0  1.0 36.625 132.375  0.2080  0.0102 0.5769
1993.0    1.0  1.0 36.625 132.625  0.2104  0.0164 0.6233
1993.0    1.0  1.0 36.625 132.875  0.0869  0.0717 0.6560
1993.0    1.0  1.0 36.625 133.125 -0.0611  0.1229 0.6529
1993.0    1.0  1.0 36.625 133.375 -0.1359  0.1328 0.6222
1993.0    1.0  1.0 36.625 133.625 -0.0642  0.1529 0.5986
1993.0    1.0  1.0 36.625 133.875  0.0865  0.2226 0.6098
1993.0    1.0  1.0 36.625 134.125  0.1326  0.2605 0.6412
1993.0    1.0  1.0 36.625 134.375  0.0258  0.2368 0.6568
1993.0    1.0  1.0 36.625 134.625 -0.0804  0.2217 0.6461
1993.0    1.0  1.0 36.625 134.875 -0.0357  0.1998 0.6307
1993.0    1.0  1.0 36.625 135.125  0.1017  0.1430 0.6351
1993.0    1.0  1.0 36.625 135.375  0.2017  0.0827 0.6651
1993.0    1.0  1.0 36.625 135.625  0.1613  0.0449 0.7042
1993.0    1.0  1.0 36.625 135.875 -0.0375  0.0326 0.7182
1993.0    1.0  1.0 36.625 136.125 -0.1928  0.0278 0.6941
1993.0    1.0  1.0 36.625 136.375 -0.1806  0.0253 0.6463
1993.0    1.0  1.0 36.625 140.875 -0.0429  0.0104 0.4857
1993.0    1.0  1.0 36.625 141.125 -0.1655  0.0946 0.4761
1993.0    1.0  1.0 36.625 141.375 -0.2374  0.1199 0.4392
1993.0    1.0  1.0 36.625 141.625 -0.1733  0.0902 0.3951
1993.0    1.0  1.0 36.625 141.875 -0.0412  0.0739 0.3744
1993.0    1.0  1.0 36.875 129.625  0.2463 -0.0303 0.5042
1993.0    1.0  1.0 36.875 129.875  0.3804  0.0605 0.5661
1993.0    1.0  1.0 36.875 130.125  0.4115  0.1659 0.6462
1993.0    1.0  1.0 36.875 130.375  0.2716  0.2082 0.7179
1993.0    1.0  1.0 36.875 130.625 -0.0651  0.1335 0.7400
1993.0    1.0  1.0 36.875 130.875 -0.3735 -0.0303 0.6929
1993.0    1.0  1.0 36.875 131.125 -0.3929 -0.1547 0.6103
1993.0    1.0  1.0 36.875 131.375 -0.1744 -0.1470 0.5513
1993.0    1.0  1.0 36.875 131.625 -0.0257 -0.0594 0.5336
1993.0    1.0  1.0 36.875 131.875 -0.0042  0.0236 0.5293
1993.0    1.0  1.0 36.875 132.125  0.0825  0.0740 0.5334
1993.0    1.0  1.0 36.875 132.375  0.1922  0.1067 0.5631
1993.0    1.0  1.0 36.875 132.625  0.1559  0.1391 0.6019
1993.0    1.0  1.0 36.875 132.875 -0.0011  0.1731 0.6175
1993.0    1.0  1.0 36.875 133.125 -0.1155  0.1934 0.6011
1993.0    1.0  1.0 36.875 133.375 -0.1309  0.1721 0.5713
1993.0    1.0  1.0 36.875 133.625 -0.0798  0.1321 0.5495
1993.0    1.0  1.0 36.875 133.875  0.0256  0.1378 0.5466
1993.0    1.0  1.0 36.875 134.125  0.1208  0.1761 0.5649
1993.0    1.0  1.0 36.875 134.375  0.0847  0.1710 0.5867
1993.0    1.0  1.0 36.875 134.625 -0.0049  0.1133 0.5899
1993.0    1.0  1.0 36.875 134.875  0.0203  0.0568 0.5872
1993.0    1.0  1.0 36.875 135.125  0.1179  0.0606 0.5998
1993.0    1.0  1.0 36.875 135.375  0.2105  0.1148 0.6324
1993.0    1.0  1.0 36.875 135.625  0.1955  0.1380 0.6771
1993.0    1.0  1.0 36.875 135.875  0.0151  0.0997 0.7012
1993.0    1.0  1.0 36.875 136.125 -0.1404  0.0422 0.6878
1993.0    1.0  1.0 36.875 136.375 -0.1420 -0.0066 0.6504
1993.0    1.0  1.0 36.875 136.625 -0.0593 -0.0177 0.6164
1993.0    1.0  1.0 36.875 141.125 -0.1872 -0.0320 0.4749
1993.0    1.0  1.0 36.875 141.375 -0.2168 -0.0733 0.4351
1993.0    1.0  1.0 36.875 141.625 -0.1694 -0.0943 0.3950
1993.0    1.0  1.0 36.875 141.875 -0.1132 -0.0284 0.3690
1993.0    1.0  1.0 37.125 129.625  0.1337  0.0351 0.5055
1993.0    1.0  1.0 37.125 129.875  0.2147  0.1644 0.5380
1993.0    1.0  1.0 37.125 130.125  0.2897  0.2857 0.5885
1993.0    1.0  1.0 37.125 130.375  0.2859  0.3251 0.6488
1993.0    1.0  1.0 37.125 130.625  0.1252  0.2295 0.6920
1993.0    1.0  1.0 37.125 130.875 -0.1255  0.0315 0.6913
1993.0    1.0  1.0 37.125 131.125 -0.2768 -0.1395 0.6467
1993.0    1.0  1.0 37.125 131.375 -0.2454 -0.1735 0.5907
1993.0    1.0  1.0 37.125 131.625 -0.1604 -0.0892 0.5499
1993.0    1.0  1.0 37.125 131.875 -0.1076  0.0270 0.5211
1993.0    1.0  1.0 37.125 132.125 -0.0058  0.1319 0.5072
1993.0    1.0  1.0 37.125 132.375  0.1169  0.2231 0.5199
1993.0    1.0  1.0 37.125 132.625  0.1170  0.2692 0.5454
1993.0    1.0  1.0 37.125 132.875 -0.0049  0.2493 0.5557
1993.0    1.0  1.0 37.125 133.125 -0.0893  0.1992 0.5427
1993.0    1.0  1.0 37.125 133.375 -0.0591  0.1368 0.5256
1993.0    1.0  1.0 37.125 133.625  0.0041  0.0485 0.5209
1993.0    1.0  1.0 37.125 133.875  0.0507 -0.0363 0.5263
1993.0    1.0  1.0 37.125 134.125  0.1062 -0.0604 0.5411
1993.0    1.0  1.0 37.125 134.375  0.1204 -0.0553 0.5637
1993.0    1.0  1.0 37.125 134.625  0.0844 -0.0921 0.5803
1993.0    1.0  1.0 37.125 134.875  0.0624 -0.1445 0.5921
1993.0    1.0  1.0 37.125 135.125  0.0535 -0.1396 0.6024
1993.0    1.0  1.0 37.125 135.375  0.1176 -0.0626 0.6187
1993.0    1.0  1.0 37.125 135.625  0.1677  0.0275 0.6517
1993.0    1.0  1.0 37.125 135.875  0.0513  0.0755 0.6776
1993.0    1.0  1.0 37.125 136.125 -0.0891  0.0850 0.6727
1993.0    1.0  1.0 37.125 136.375 -0.0791  0.0594 0.6494
1993.0    1.0  1.0 37.125 136.625 -0.0433  0.0132 0.6047
1993.0    1.0  1.0 37.125 136.875 -0.1015 -0.0151 0.5353
1993.0    1.0  1.0 37.125 137.125 -0.0939 -0.0186 0.4912
1993.0    1.0  1.0 37.125 137.375  0.0253 -0.0318 0.4938
1993.0    1.0  1.0 37.125 141.375 -0.1768 -0.1240 0.4672
1993.0    1.0  1.0 37.125 141.625 -0.2071 -0.1603 0.4293
1993.0    1.0  1.0 37.125 141.875 -0.2331 -0.1060 0.3856
1993.0    1.0  1.0 37.375 129.375  0.0042  0.0078 0.4916
1993.0    1.0  1.0 37.375 129.625 -0.0176  0.0872 0.4883
1993.0    1.0  1.0 37.375 129.875  0.0579  0.1843 0.4901
1993.0    1.0  1.0 37.375 130.125  0.2130  0.2479 0.5161
1993.0    1.0  1.0 37.375 130.375  0.3350  0.2414 0.5731
1993.0    1.0  1.0 37.375 130.625  0.2977  0.1714 0.6387
1993.0    1.0  1.0 37.375 130.875  0.0890  0.0642 0.6770
1993.0    1.0  1.0 37.375 131.125 -0.1323 -0.0615 0.6696
1993.0    1.0  1.0 37.375 131.375 -0.2321 -0.1644 0.6309
1993.0    1.0  1.0 37.375 131.625 -0.2519 -0.1859 0.5817
1993.0    1.0  1.0 37.375 131.875 -0.2534 -0.1036 0.5296
1993.0    1.0  1.0 37.375 132.125 -0.1794  0.0491 0.4835
1993.0    1.0  1.0 37.375 132.375 -0.0036  0.1894 0.4637
1993.0    1.0  1.0 37.375 132.625  0.1224  0.2296 0.4769
1993.0    1.0  1.0 37.375 132.875  0.0754  0.1785 0.4975
1993.0    1.0  1.0 37.375 133.125 -0.0129  0.1181 0.5004
1993.0    1.0  1.0 37.375 133.375  0.0264  0.0699 0.4980
1993.0    1.0  1.0 37.375 133.625  0.1285  0.0017 0.5138
1993.0    1.0  1.0 37.375 133.875  0.1619 -0.0979 0.5437
1993.0    1.0  1.0 37.375 134.125  0.1442 -0.1797 0.5729
1993.0    1.0  1.0 37.375 134.375  0.1409 -0.2172 0.5995
1993.0    1.0  1.0 37.375 134.625  0.1501 -0.2578 0.6253
1993.0    1.0  1.0 37.375 134.875  0.1228 -0.3131 0.6509
1993.0    1.0  1.0 37.375 135.125  0.0339 -0.3439 0.6652
1993.0    1.0  1.0 37.375 135.375 -0.0042 -0.2918 0.6667
1993.0    1.0  1.0 37.375 135.625  0.0052 -0.1417 0.6699
1993.0    1.0  1.0 37.375 135.875 -0.0664  0.0235 0.6673
1993.0    1.0  1.0 37.375 136.125 -0.1342  0.1317 0.6473
1993.0    1.0  1.0 37.375 136.375 -0.0365  0.1585 0.6267
1993.0    1.0  1.0 37.375 136.625  0.0639  0.0996 0.6063
1993.0    1.0  1.0 37.375 136.875 -0.0230  0.0040 0.5881
1993.0    1.0  1.0 37.375 137.125 -0.0812 -0.0685 0.5679
1993.0    1.0  1.0 37.375 137.375  0.0353 -0.1088 0.5452
1993.0    1.0  1.0 37.375 137.625  0.1176 -0.1180 0.5514
1993.0    1.0  1.0 37.375 137.875  0.0936 -0.0913 0.5710
1993.0    1.0  1.0 37.375 138.125  0.0814 -0.0493 0.5889
1993.0    1.0  1.0 37.375 141.375 -0.1464 -0.0595 0.4992
1993.0    1.0  1.0 37.375 141.625 -0.2175 -0.0998 0.4623
1993.0    1.0  1.0 37.375 141.875 -0.2693 -0.1022 0.4119
1993.0    1.0  1.0 37.625 129.375 -0.0565  0.0524 0.4810
1993.0    1.0  1.0 37.625 129.625 -0.0838  0.0782 0.4669
1993.0    1.0  1.0 37.625 129.875  0.0139  0.0602 0.4570
1993.0    1.0  1.0 37.625 130.125  0.2096  0.0255 0.4790
1993.0    1.0  1.0 37.625 130.375  0.3570  0.0230 0.5370
1993.0    1.0  1.0 37.625 130.625  0.3411  0.0452 0.6081
1993.0    1.0  1.0 37.625 130.875  0.1836  0.0385 0.6596
1993.0    1.0  1.0 37.625 131.125  0.0147 -0.0357 0.6774
1993.0    1.0  1.0 37.625 131.375 -0.0969 -0.1568 0.6695
1993.0    1.0  1.0 37.625 131.625 -0.2307 -0.2464 0.6375
1993.0    1.0  1.0 37.625 131.875 -0.3851 -0.2302 0.5739
1993.0    1.0  1.0 37.625 132.125 -0.3734 -0.1267 0.4931
1993.0    1.0  1.0 37.625 132.375 -0.1269 -0.0148 0.4391
1993.0    1.0  1.0 37.625 132.625  0.1184  0.0536 0.4402
1993.0    1.0  1.0 37.625 132.875  0.1177  0.0807 0.4664
1993.0    1.0  1.0 37.625 133.125  0.0166  0.0885 0.4766
1993.0    1.0  1.0 37.625 133.375  0.0667  0.0800 0.4801
1993.0    1.0  1.0 37.625 133.625  0.2121  0.0518 0.5071
1993.0    1.0  1.0 37.625 133.875  0.2766 -0.0067 0.5570
1993.0    1.0  1.0 37.625 134.125  0.2370 -0.0886 0.6077
1993.0    1.0  1.0 37.625 134.375  0.2039 -0.1547 0.6494
1993.0    1.0  1.0 37.625 134.625  0.2183 -0.1979 0.6895
1993.0    1.0  1.0 37.625 134.875  0.1850 -0.2358 0.7293
1993.0    1.0  1.0 37.625 135.125  0.0367 -0.2592 0.7505
1993.0    1.0  1.0 37.625 135.375 -0.1313 -0.2187 0.7392
1993.0    1.0  1.0 37.625 135.625 -0.2159 -0.0940 0.7049
1993.0    1.0  1.0 37.625 135.875 -0.2610  0.0579 0.6595
1993.0    1.0  1.0 37.625 136.125 -0.2407  0.1757 0.6100
1993.0    1.0  1.0 37.625 136.375 -0.0281  0.2212 0.5818
1993.0    1.0  1.0 37.625 136.625  0.1909  0.1736 0.6033
1993.0    1.0  1.0 37.625 136.875  0.1212  0.0544 0.6401
1993.0    1.0  1.0 37.625 137.125 -0.0240 -0.0790 0.6313
1993.0    1.0  1.0 37.625 137.375  0.0378 -0.1572 0.6015
1993.0    1.0  1.0 37.625 137.625  0.1087 -0.1426 0.5961
1993.0    1.0  1.0 37.625 137.875  0.0527 -0.0795 0.5959
1993.0    1.0  1.0 37.625 138.125  0.0179 -0.0304 0.6025
1993.0    1.0  1.0 37.625 138.375  0.0534  0.0064 0.6291
1993.0    1.0  1.0 37.625 138.625  0.0733  0.0225 0.6460
1993.0    1.0  1.0 37.625 141.375 -0.1158  0.0418 0.5050
1993.0    1.0  1.0 37.625 141.625 -0.1937 -0.0020 0.4733
1993.0    1.0  1.0 37.625 141.875 -0.2384 -0.0322 0.4283
1993.0    1.0  1.0 37.875 129.125 -0.0085  0.0301 0.4745
1993.0    1.0  1.0 37.875 129.375 -0.0757  0.0449 0.4673
1993.0    1.0  1.0 37.875 129.625 -0.0559  0.0432 0.4509
1993.0    1.0  1.0 37.875 129.875  0.0994 -0.0150 0.4536
1993.0    1.0  1.0 37.875 130.125  0.2379 -0.0721 0.4901
1993.0    1.0  1.0 37.875 130.375  0.2855 -0.0396 0.5431
1993.0    1.0  1.0 37.875 130.625  0.2660  0.0541 0.5966
1993.0    1.0  1.0 37.875 130.875  0.2136  0.0911 0.6435
1993.0    1.0  1.0 37.875 131.125  0.1418  0.0263 0.6788
1993.0    1.0  1.0 37.875 131.375  0.0419 -0.0763 0.6990
1993.0    1.0  1.0 37.875 131.625 -0.1646 -0.1481 0.6889
1993.0    1.0  1.0 37.875 131.875 -0.4057 -0.1917 0.6293
1993.0    1.0  1.0 37.875 132.125 -0.4330 -0.2384 0.5402
1993.0    1.0  1.0 37.875 132.375 -0.2240 -0.2420 0.4715
1993.0    1.0  1.0 37.875 132.625 -0.0069 -0.1393 0.4500
1993.0    1.0  1.0 37.875 132.875  0.0209  0.0125 0.4531
1993.0    1.0  1.0 37.875 133.125 -0.0176  0.1107 0.4501
1993.0    1.0  1.0 37.875 133.375  0.0809  0.1313 0.4528
1993.0    1.0  1.0 37.875 133.625  0.2504  0.1154 0.4849
1993.0    1.0  1.0 37.875 133.875  0.3436  0.0918 0.5446
1993.0    1.0  1.0 37.875 134.125  0.3167  0.0561 0.6107
1993.0    1.0  1.0 37.875 134.375  0.2493  0.0299 0.6654
1993.0    1.0  1.0 37.875 134.625  0.2341  0.0376 0.7110
1993.0    1.0  1.0 37.875 134.875  0.2018  0.0501 0.7545
1993.0    1.0  1.0 37.875 135.125  0.0310  0.0553 0.7784
1993.0    1.0  1.0 37.875 135.375 -0.2024  0.0746 0.7593
1993.0    1.0  1.0 37.875 135.625 -0.3443  0.1200 0.7032
1993.0    1.0  1.0 37.875 135.875 -0.3948  0.1841 0.6301
1993.0    1.0  1.0 37.875 136.125 -0.3293  0.2366 0.5570
1993.0    1.0  1.0 37.875 136.375 -0.0392  0.2551 0.5190
1993.0    1.0  1.0 37.875 136.625  0.2673  0.2319 0.5464
1993.0    1.0  1.0 37.875 136.875  0.2564  0.1526 0.6049
1993.0    1.0  1.0 37.875 137.125  0.0891  0.0171 0.6308
1993.0    1.0  1.0 37.875 137.375  0.0556 -0.0824 0.6295
1993.0    1.0  1.0 37.875 137.625  0.0563 -0.0726 0.6328
1993.0    1.0  1.0 37.875 137.875  0.0083 -0.0323 0.6330
1993.0    1.0  1.0 37.875 138.125  0.0029 -0.0252 0.6220
1993.0    1.0  1.0 37.875 138.375  0.0579 -0.0296 0.6242
1993.0    1.0  1.0 37.875 138.625  0.0774 -0.0364 0.6400
1993.0    1.0  1.0 37.875 138.875  0.0243 -0.0293 0.6434
1993.0    1.0  1.0 37.875 141.125 -0.0320  0.1230 0.4936
1993.0    1.0  1.0 37.875 141.375 -0.0834  0.1013 0.4848
1993.0    1.0  1.0 37.875 141.625 -0.1434  0.0520 0.4629
1993.0    1.0  1.0 37.875 141.875 -0.1961  0.0084 0.4264
1993.0    1.0  1.0 38.125 128.875  0.1076 -0.0330 0.4614
1993.0    1.0  1.0 38.125 129.125  0.0190 -0.1011 0.4796
1993.0    1.0  1.0 38.125 129.375 -0.0979 -0.1116 0.4727
1993.0    1.0  1.0 38.125 129.625 -0.0668 -0.0729 0.4510
1993.0    1.0  1.0 38.125 129.875  0.1271 -0.0247 0.4554
1993.0    1.0  1.0 38.125 130.125  0.2207  0.0235 0.4947
1993.0    1.0  1.0 38.125 130.375  0.1696  0.0976 0.5352
1993.0    1.0  1.0 38.125 130.625  0.1412  0.2066 0.5628
1993.0    1.0  1.0 38.125 130.875  0.2161  0.2797 0.5965
1993.0    1.0  1.0 38.125 131.125  0.2636  0.2403 0.6459
1993.0    1.0  1.0 38.125 131.375  0.1523  0.1415 0.6910
1993.0    1.0  1.0 38.125 131.625 -0.0895  0.0630 0.6984
1993.0    1.0  1.0 38.125 131.875 -0.2790 -0.0412 0.6579
1993.0    1.0  1.0 38.125 132.125 -0.2871 -0.2057 0.5983
1993.0    1.0  1.0 38.125 132.375 -0.2267 -0.3264 0.5467
1993.0    1.0  1.0 38.125 132.625 -0.1959 -0.2856 0.5048
1993.0    1.0  1.0 38.125 132.875 -0.1893 -0.1319 0.4648
1993.0    1.0  1.0 38.125 133.125 -0.1194 -0.0001 0.4305
1993.0    1.0  1.0 38.125 133.375  0.0640  0.0732 0.4227
1993.0    1.0  1.0 38.125 133.625  0.2564  0.1117 0.4541
1993.0    1.0  1.0 38.125 133.875  0.3563  0.1291 0.5150
1993.0    1.0  1.0 38.125 134.125  0.3301  0.1352 0.5843
1993.0    1.0  1.0 38.125 134.375  0.2273  0.1538 0.6392
1993.0    1.0  1.0 38.125 134.625  0.1871  0.2012 0.6775
1993.0    1.0  1.0 38.125 134.875  0.1694  0.2532 0.7136
1993.0    1.0  1.0 38.125 135.125  0.0087  0.2896 0.7330
1993.0    1.0  1.0 38.125 135.375 -0.2264  0.3059 0.7091
1993.0    1.0  1.0 38.125 135.625 -0.3774  0.3059 0.6469
1993.0    1.0  1.0 38.125 135.875 -0.4232  0.2990 0.5662
1993.0    1.0  1.0 38.125 136.125 -0.3281  0.2693 0.4893
1993.0    1.0  1.0 38.125 136.375 -0.0326  0.2343 0.4520
1993.0    1.0  1.0 38.125 136.625  0.2785  0.2342 0.4791
1993.0    1.0  1.0 38.125 136.875  0.3296  0.2367 0.5444
1993.0    1.0  1.0 38.125 137.125  0.2019  0.1888 0.5955
1993.0    1.0  1.0 38.125 137.375  0.1035  0.1230 0.6217
1993.0    1.0  1.0 38.125 137.625  0.0416  0.0860 0.6346
1993.0    1.0  1.0 38.125 137.875  0.0139  0.0541 0.6387
1993.0    1.0  1.0 38.125 138.125  0.0201  0.0267 0.6324
1993.0    1.0  1.0 38.125 138.375  0.0454  0.0120 0.6352
1993.0    1.0  1.0 38.125 138.625  0.0571  0.0051 0.6497
1993.0    1.0  1.0 38.125 138.875  0.0154  0.0006 0.6496
1993.0    1.0  1.0 38.125 139.125 -0.0030 -0.0192 0.6449
1993.0    1.0  1.0 38.125 141.125 -0.0442  0.1208 0.4647
1993.0    1.0  1.0 38.125 141.375 -0.0458  0.1040 0.4565
1993.0    1.0  1.0 38.125 141.625 -0.0613  0.0419 0.4475
1993.0    1.0  1.0 38.125 141.875 -0.1305 -0.0300 0.4255
1993.0    1.0  1.0 38.375 128.625  0.1977 -0.0545 0.4470
1993.0    1.0  1.0 38.375 128.875  0.2315 -0.1457 0.4932
1993.0    1.0  1.0 38.375 129.125  0.0879 -0.2338 0.5300
1993.0    1.0  1.0 38.375 129.375 -0.1251 -0.2673 0.5263
1993.0    1.0  1.0 38.375 129.625 -0.1725 -0.2181 0.4904
1993.0    1.0  1.0 38.375 129.875 -0.0125 -0.0956 0.4684
1993.0    1.0  1.0 38.375 130.125  0.0932  0.0517 0.4792
1993.0    1.0  1.0 38.375 130.375  0.0389  0.1721 0.4947
1993.0    1.0  1.0 38.375 130.625  0.0040  0.2716 0.4959
1993.0    1.0  1.0 38.375 130.875  0.1542  0.3618 0.5080
1993.0    1.0  1.0 38.375 131.125  0.3280  0.3992 0.5579
1993.0    1.0  1.0 38.375 131.375  0.2670  0.3603 0.6227
1993.0    1.0  1.0 38.375 131.625  0.0430  0.2604 0.6541
1993.0    1.0  1.0 38.375 131.875 -0.0795  0.1076 0.6460
1993.0    1.0  1.0 38.375 132.125 -0.0695 -0.0588 0.6300
1993.0    1.0  1.0 38.375 132.375 -0.1270 -0.1777 0.6126
1993.0    1.0  1.0 38.375 132.625 -0.2616 -0.2224 0.5732
1993.0    1.0  1.0 38.375 132.875 -0.3154 -0.2207 0.5119
1993.0    1.0  1.0 38.375 133.125 -0.2346 -0.1905 0.4542
1993.0    1.0  1.0 38.375 133.375 -0.0524 -0.0991 0.4233
1993.0    1.0  1.0 38.375 133.625  0.1656  0.0273 0.4330
1993.0    1.0  1.0 38.375 133.875  0.3174  0.1108 0.4811
1993.0    1.0  1.0 38.375 134.125  0.3091  0.1445 0.5452
1993.0    1.0  1.0 38.375 134.375  0.1764  0.1778 0.5940
1993.0    1.0  1.0 38.375 134.625  0.1064  0.2397 0.6197
1993.0    1.0  1.0 38.375 134.875  0.0927  0.3164 0.6399
1993.0    1.0  1.0 38.375 135.125 -0.0336  0.3729 0.6471
1993.0    1.0  1.0 38.375 135.375 -0.2180  0.3757 0.6197
1993.0    1.0  1.0 38.375 135.625 -0.3375  0.3277 0.5618
1993.0    1.0  1.0 38.375 135.875 -0.3593  0.2577 0.4900
1993.0    1.0  1.0 38.375 136.125 -0.2374  0.1662 0.4287
1993.0    1.0  1.0 38.375 136.375  0.0082  0.0840 0.4048
1993.0    1.0  1.0 38.375 136.625  0.2366  0.0792 0.4307
1993.0    1.0  1.0 38.375 136.875  0.2861  0.1426 0.4866
1993.0    1.0  1.0 38.375 137.125  0.2049  0.2119 0.5350
1993.0    1.0  1.0 38.375 137.375  0.1394  0.2426 0.5667
1993.0    1.0  1.0 38.375 137.625  0.0986  0.2145 0.5884
1993.0    1.0  1.0 38.375 137.875  0.0798  0.1498 0.6059
1993.0    1.0  1.0 38.375 138.125  0.0346  0.1155 0.6229
1993.0    1.0  1.0 38.375 138.375  0.0014  0.1300 0.6344
1993.0    1.0  1.0 38.375 138.625  0.0302  0.1349 0.6376
1993.0    1.0  1.0 38.375 138.875  0.0429  0.1008 0.6376
1993.0    1.0  1.0 38.375 139.125  0.0432  0.0368 0.6423
1993.0    1.0  1.0 38.375 141.375  0.0148  0.1030 0.4262
1993.0    1.0  1.0 38.375 141.625  0.0456  0.0432 0.4297
1993.0    1.0  1.0 38.375 141.875 -0.0379 -0.0422 0.4332
1993.0    1.0  1.0 38.625 128.625  0.2648 -0.0248 0.4671
1993.0    1.0  1.0 38.625 128.875  0.3141 -0.0528 0.5304
1993.0    1.0  1.0 38.625 129.125  0.1559 -0.0903 0.5824
1993.0    1.0  1.0 38.625 129.375 -0.1131 -0.1333 0.5871
1993.0    1.0  1.0 38.625 129.625 -0.2536 -0.1438 0.5448
1993.0    1.0  1.0 38.625 129.875 -0.1756 -0.0883 0.4972
1993.0    1.0  1.0 38.625 130.125 -0.0735  0.0095 0.4719
1993.0    1.0  1.0 38.625 130.375 -0.0813  0.0916 0.4578
1993.0    1.0  1.0 38.625 130.625 -0.0894  0.1399 0.4393
1993.0    1.0  1.0 38.625 130.875  0.0569  0.1877 0.4325
1993.0    1.0  1.0 38.625 131.125  0.2604  0.2626 0.4652
1993.0    1.0  1.0 38.625 131.375  0.3017  0.3209 0.5261
1993.0    1.0  1.0 38.625 131.625  0.1972  0.2841 0.5772
1993.0    1.0  1.0 38.625 131.875  0.1153  0.1664 0.6067
1993.0    1.0  1.0 38.625 132.125  0.0692  0.0658 0.6254
1993.0    1.0  1.0 38.625 132.375 -0.0489  0.0175 0.6286
1993.0    1.0  1.0 38.625 132.625 -0.1865 -0.0405 0.6033
1993.0    1.0  1.0 38.625 132.875 -0.2398 -0.1393 0.5578
1993.0    1.0  1.0 38.625 133.125 -0.2491 -0.2112 0.5078
1993.0    1.0  1.0 38.625 133.375 -0.1952 -0.1842 0.4602
1993.0    1.0  1.0 38.625 133.625 -0.0036 -0.0728 0.4365
1993.0    1.0  1.0 38.625 133.875  0.2172  0.0471 0.4579
1993.0    1.0  1.0 38.625 134.125  0.2587  0.1287 0.5083
1993.0    1.0  1.0 38.625 134.375  0.1148  0.1852 0.5465
1993.0    1.0  1.0 38.625 134.625  0.0151  0.2456 0.5564
1993.0    1.0  1.0 38.625 134.875  0.0065  0.3090 0.5578
1993.0    1.0  1.0 38.625 135.125 -0.0582  0.3421 0.5529
1993.0    1.0  1.0 38.625 135.375 -0.1577  0.3114 0.5296
1993.0    1.0  1.0 38.625 135.625 -0.2294  0.2269 0.4890
1993.0    1.0  1.0 38.625 135.875 -0.2291  0.1224 0.4403
1993.0    1.0  1.0 38.625 136.125 -0.0973  0.0096 0.4062
1993.0    1.0  1.0 38.625 136.375  0.0867 -0.0859 0.4058
1993.0    1.0  1.0 38.625 136.625  0.1981 -0.1165 0.4364
1993.0    1.0  1.0 38.625 136.875  0.1637 -0.0619 0.4755
1993.0    1.0  1.0 38.625 137.125  0.0743  0.0526 0.4974
1993.0    1.0  1.0 38.625 137.375  0.0797  0.1610 0.5088
1993.0    1.0  1.0 38.625 137.625  0.1341  0.1973 0.5295
1993.0    1.0  1.0 38.625 137.875  0.1446  0.1731 0.5596
1993.0    1.0  1.0 38.625 138.125  0.0562  0.1498 0.5839
1993.0    1.0  1.0 38.625 138.375 -0.0131  0.1553 0.5915
1993.0    1.0  1.0 38.625 138.625  0.0435  0.1582 0.5945
1993.0    1.0  1.0 38.625 138.875  0.1155  0.1184 0.6082
1993.0    1.0  1.0 38.625 139.125  0.1298  0.0540 0.6319
1993.0    1.0  1.0 38.625 139.375  0.0955  0.0084 0.6508
1993.0    1.0  1.0 38.625 141.625  0.1173  0.0354 0.4179
1993.0    1.0  1.0 38.625 141.875  0.0361 -0.0138 0.4403
1993.0    1.0  1.0 38.875 128.375  0.1004  0.0615 0.4217
1993.0    1.0  1.0 38.875 128.625  0.2403  0.1286 0.4563
1993.0    1.0  1.0 38.875 128.875  0.2876  0.2122 0.5120
1993.0    1.0  1.0 38.875 129.125  0.1851  0.2512 0.5627
1993.0    1.0  1.0 38.875 129.375 -0.0403  0.2057 0.5784
1993.0    1.0  1.0 38.875 129.625 -0.2122  0.1169 0.5491
1993.0    1.0  1.0 38.875 129.875 -0.2030  0.0552 0.5029
1993.0    1.0  1.0 38.875 130.125 -0.1235  0.0303 0.4683
1993.0    1.0  1.0 38.875 130.375 -0.1091  0.0185 0.4451
1993.0    1.0  1.0 38.875 130.625 -0.0996  0.0093 0.4234
1993.0    1.0  1.0 38.875 130.875  0.0135  0.0017 0.4129
1993.0    1.0  1.0 38.875 131.125  0.1647  0.0200 0.4316
1993.0    1.0  1.0 38.875 131.375  0.2391  0.0690 0.4742
1993.0    1.0  1.0 38.875 131.625  0.2470  0.0970 0.5235
1993.0    1.0  1.0 38.875 131.875  0.2162  0.0755 0.5714
1993.0    1.0  1.0 38.875 132.125  0.1217  0.0447 0.6066
1993.0    1.0  1.0 38.875 132.375 -0.0163  0.0297 0.6165
1993.0    1.0  1.0 38.875 132.625 -0.1024  0.0013 0.6025
1993.0    1.0  1.0 38.875 132.875 -0.1329 -0.0458 0.5773
1993.0    1.0  1.0 38.875 133.125 -0.1993 -0.0837 0.5433
1993.0    1.0  1.0 38.875 133.375 -0.2382 -0.0995 0.4962
1993.0    1.0  1.0 38.875 133.625 -0.1243 -0.0706 0.4553
1993.0    1.0  1.0 38.875 133.875  0.0721  0.0215 0.4489
1993.0    1.0  1.0 38.875 134.125  0.1458  0.1363 0.4733
1993.0    1.0  1.0 38.875 134.375  0.0455  0.2125 0.4931
1993.0    1.0  1.0 38.875 134.625 -0.0339  0.2362 0.4910
1993.0    1.0  1.0 38.875 134.875 -0.0258  0.2321 0.4839
1993.0    1.0  1.0 38.875 135.125 -0.0421  0.2142 0.4766
1993.0    1.0  1.0 38.875 135.375 -0.0826  0.1800 0.4628
1993.0    1.0  1.0 38.875 135.625 -0.1159  0.1280 0.4423
1993.0    1.0  1.0 38.875 135.875 -0.0972  0.0553 0.4189
1993.0    1.0  1.0 38.875 136.125  0.0215 -0.0200 0.4105
1993.0    1.0  1.0 38.875 136.375  0.1641 -0.0790 0.4311
1993.0    1.0  1.0 38.875 136.625  0.2055 -0.1191 0.4711
1993.0    1.0  1.0 38.875 136.875  0.0773 -0.1161 0.5018
1993.0    1.0  1.0 38.875 137.125 -0.0692 -0.0581 0.5000
1993.0    1.0  1.0 38.875 137.375 -0.0263  0.0106 0.4856
1993.0    1.0  1.0 38.875 137.625  0.1167  0.0432 0.4958
1993.0    1.0  1.0 38.875 137.875  0.1679  0.0463 0.5291
1993.0    1.0  1.0 38.875 138.125  0.0803  0.0375 0.5565
1993.0    1.0  1.0 38.875 138.375 -0.0093  0.0319 0.5624
1993.0    1.0  1.0 38.875 138.625  0.0491  0.0462 0.5638
1993.0    1.0  1.0 38.875 138.875  0.1729  0.0491 0.5854
1993.0    1.0  1.0 38.875 139.125  0.1962  0.0275 0.6238
1993.0    1.0  1.0 38.875 139.375  0.1315  0.0147 0.6517
1993.0    1.0  1.0 38.875 139.625  0.0521  0.0200 0.6561
1993.0    1.0  1.0 38.875 141.875  0.0362  0.0009 0.4369
1993.0    1.0  1.0 39.125 127.875 -0.0730 -0.0028 0.4294
1993.0    1.0  1.0 39.125 128.125 -0.0692  0.0164 0.4083
1993.0    1.0  1.0 39.125 128.375  0.0055  0.0813 0.3994
1993.0    1.0  1.0 39.125 128.625  0.0929  0.1885 0.4104
1993.0    1.0  1.0 39.125 128.875  0.1612  0.3089 0.4362
1993.0    1.0  1.0 39.125 129.125  0.1712  0.3786 0.4717
1993.0    1.0  1.0 39.125 129.375  0.0651  0.3556 0.4977
1993.0    1.0  1.0 39.125 129.625 -0.0774  0.2617 0.4941
1993.0    1.0  1.0 39.125 129.875 -0.1055  0.1589 0.4714
1993.0    1.0  1.0 39.125 130.125 -0.0594  0.0766 0.4530
1993.0    1.0  1.0 39.125 130.375 -0.0688  0.0170 0.4401
1993.0    1.0  1.0 39.125 130.625 -0.0668 -0.0241 0.4249
1993.0    1.0  1.0 39.125 130.875  0.0418 -0.0609 0.4210
1993.0    1.0  1.0 39.125 131.125  0.1625 -0.0901 0.4427
1993.0    1.0  1.0 39.125 131.375  0.2065 -0.0986 0.4807
1993.0    1.0  1.0 39.125 131.625  0.2246 -0.0882 0.5242
1993.0    1.0  1.0 39.125 131.875  0.2192 -0.0731 0.5708
1993.0    1.0  1.0 39.125 132.125  0.1214 -0.0529 0.6070
1993.0    1.0  1.0 39.125 132.375 -0.0202 -0.0188 0.6162
1993.0    1.0  1.0 39.125 132.625 -0.0999  0.0185 0.6022
1993.0    1.0  1.0 39.125 132.875 -0.1323  0.0535 0.5776
1993.0    1.0  1.0 39.125 133.125 -0.1861  0.0733 0.5441
1993.0    1.0  1.0 39.125 133.375 -0.2156  0.0538 0.5008
1993.0    1.0  1.0 39.125 133.625 -0.1563  0.0244 0.4599
1993.0    1.0  1.0 39.125 133.875 -0.0440  0.0485 0.4380
1993.0    1.0  1.0 39.125 134.125  0.0227  0.1229 0.4365
1993.0    1.0  1.0 39.125 134.375  0.0091  0.1698 0.4394
1993.0    1.0  1.0 39.125 134.625  0.0082  0.1387 0.4387
1993.0    1.0  1.0 39.125 134.875  0.0291  0.0668 0.4422
1993.0    1.0  1.0 39.125 135.125 -0.0055  0.0121 0.4446
1993.0    1.0  1.0 39.125 135.375 -0.0641  0.0007 0.4363
1993.0    1.0  1.0 39.125 135.625 -0.0828  0.0144 0.4210
1993.0    1.0  1.0 39.125 135.875 -0.0382  0.0128 0.4083
1993.0    1.0  1.0 39.125 136.125  0.0686  0.0022 0.4117
1993.0    1.0  1.0 39.125 136.375  0.1979 -0.0018 0.4399
1993.0    1.0  1.0 39.125 136.625  0.2349 -0.0137 0.4867
1993.0    1.0  1.0 39.125 136.875  0.0813 -0.0419 0.5210
1993.0    1.0  1.0 39.125 137.125 -0.0891 -0.0839 0.5176
1993.0    1.0  1.0 39.125 137.375 -0.0420 -0.1256 0.4999
1993.0    1.0  1.0 39.125 137.625  0.1161 -0.1433 0.5087
1993.0    1.0  1.0 39.125 137.875  0.1740 -0.1388 0.5423
1993.0    1.0  1.0 39.125 138.125  0.1007 -0.1471 0.5723
1993.0    1.0  1.0 39.125 138.375 -0.0120 -0.1627 0.5795
1993.0    1.0  1.0 39.125 138.625  0.0046 -0.1389 0.5735
1993.0    1.0  1.0 39.125 138.875  0.1358 -0.0777 0.5861
1993.0    1.0  1.0 39.125 139.125  0.1837 -0.0171 0.6199
1993.0    1.0  1.0 39.125 139.375  0.1345  0.0219 0.6469
1993.0    1.0  1.0 39.125 139.625  0.0609  0.0281 0.6594
1993.0    1.0  1.0 39.375 127.625 -0.0253 -0.0225 0.4445
1993.0    1.0  1.0 39.375 127.875 -0.0974 -0.0182 0.4322
1993.0    1.0  1.0 39.375 128.125 -0.1150 -0.0109 0.4086
1993.0    1.0  1.0 39.375 128.375 -0.0829  0.0228 0.3862
1993.0    1.0  1.0 39.375 128.625 -0.0301  0.0773 0.3737
1993.0    1.0  1.0 39.375 128.875  0.0516  0.1349 0.3757
1993.0    1.0  1.0 39.375 129.125  0.1195  0.1914 0.3941
1993.0    1.0  1.0 39.375 129.375  0.1009  0.2280 0.4181
1993.0    1.0  1.0 39.375 129.625  0.0246  0.2126 0.4290
1993.0    1.0  1.0 39.375 129.875  0.0102  0.1500 0.4283
1993.0    1.0  1.0 39.375 130.125  0.0404  0.0719 0.4312
1993.0    1.0  1.0 39.375 130.375  0.0166 -0.0088 0.4369
1993.0    1.0  1.0 39.375 130.625  0.0083 -0.0937 0.4374
1993.0    1.0  1.0 39.375 130.875  0.0854 -0.1511 0.4452
1993.0    1.0  1.0 39.375 131.125  0.1690 -0.1508 0.4712
1993.0    1.0  1.0 39.375 131.375  0.1993 -0.1221 0.5087
1993.0    1.0  1.0 39.375 131.625  0.2099 -0.0990 0.5511
1993.0    1.0  1.0 39.375 131.875  0.1766 -0.0588 0.5926
1993.0    1.0  1.0 39.375 132.125  0.0395  0.0231 0.6163
1993.0    1.0  1.0 39.375 132.375 -0.1140  0.1224 0.6072
1993.0    1.0  1.0 39.375 132.625 -0.1751  0.2014 0.5758
1993.0    1.0  1.0 39.375 132.875 -0.1755  0.2427 0.5391
1993.0    1.0  1.0 39.375 133.125 -0.1705  0.2331 0.5022
1993.0    1.0  1.0 39.375 133.375 -0.1450  0.1701 0.4681
1993.0    1.0  1.0 39.375 133.625 -0.1000  0.0904 0.4418
1993.0    1.0  1.0 39.375 133.875 -0.0615  0.0421 0.4243
1993.0    1.0  1.0 39.375 134.125 -0.0304  0.0409 0.4141
1993.0    1.0  1.0 39.375 134.375  0.0207  0.0420 0.4115
1993.0    1.0  1.0 39.375 134.625  0.0962 -0.0001 0.4213
1993.0    1.0  1.0 39.375 134.875  0.1195 -0.0612 0.4439
1993.0    1.0  1.0 39.375 135.125  0.0333 -0.1037 0.4600
1993.0    1.0  1.0 39.375 135.375 -0.0844 -0.1128 0.4536
1993.0    1.0  1.0 39.375 135.625 -0.1173 -0.0932 0.4321
1993.0    1.0  1.0 39.375 135.875 -0.0534 -0.0666 0.4152
1993.0    1.0  1.0 39.375 136.125  0.0529 -0.0417 0.4163
1993.0    1.0  1.0 39.375 136.375  0.1758 -0.0101 0.4403
1993.0    1.0  1.0 39.375 136.625  0.2425  0.0140 0.4850
1993.0    1.0  1.0 39.375 136.875  0.1549 -0.0196 0.5274
1993.0    1.0  1.0 39.375 137.125  0.0197 -0.1203 0.5434
1993.0    1.0  1.0 39.375 137.375  0.0216 -0.2098 0.5452
1993.0    1.0  1.0 39.375 137.625  0.1146 -0.2245 0.5603
1993.0    1.0  1.0 39.375 137.875  0.1670 -0.2027 0.5910
1993.0    1.0  1.0 39.375 138.125  0.1324 -0.2106 0.6236
1993.0    1.0  1.0 39.375 138.375  0.0195 -0.2619 0.6382
1993.0    1.0  1.0 39.375 138.625 -0.0369 -0.3009 0.6316
1993.0    1.0  1.0 39.375 138.875  0.0148 -0.2464 0.6273
1993.0    1.0  1.0 39.375 139.125  0.0671 -0.1179 0.6340
1993.0    1.0  1.0 39.375 139.375  0.0777 -0.0136 0.6411
1993.0    1.0  1.0 39.375 139.625  0.0600  0.0225 0.6495
1993.0    1.0  1.0 39.375 139.875  0.0192  0.0054 0.6493
1993.0    1.0  1.0 39.625 127.875 -0.0891 -0.0404 0.4392
1993.0    1.0  1.0 39.625 128.125 -0.1181 -0.0576 0.4182
1993.0    1.0  1.0 39.625 128.375 -0.1042 -0.0673 0.3920
1993.0    1.0  1.0 39.625 128.625 -0.0576 -0.0758 0.3726
1993.0    1.0  1.0 39.625 128.875  0.0040 -0.0667 0.3686
1993.0    1.0  1.0 39.625 129.125  0.0405 -0.0177 0.3741
1993.0    1.0  1.0 39.625 129.375  0.0447  0.0504 0.3826
1993.0    1.0  1.0 39.625 129.625  0.0468  0.0768 0.3893
1993.0    1.0  1.0 39.625 129.875  0.0919  0.0465 0.3995
1993.0    1.0  1.0 39.625 130.125  0.1351 -0.0036 0.4199
1993.0    1.0  1.0 39.625 130.375  0.1282 -0.0595 0.4460
1993.0    1.0  1.0 39.625 130.625  0.1144 -0.1249 0.4694
1993.0    1.0  1.0 39.625 130.875  0.1063 -0.1604 0.4907
1993.0    1.0  1.0 39.625 131.125  0.0993 -0.1233 0.5105
1993.0    1.0  1.0 39.625 131.375  0.1110 -0.0321 0.5307
1993.0    1.0  1.0 39.625 131.625  0.1264  0.0702 0.5564
1993.0    1.0  1.0 39.625 131.875  0.0554  0.1830 0.5779
1993.0    1.0  1.0 39.625 132.125 -0.1000  0.2954 0.5741
1993.0    1.0  1.0 39.625 132.375 -0.2087  0.3576 0.5406
1993.0    1.0  1.0 39.625 132.625 -0.2121  0.3595 0.4960
1993.0    1.0  1.0 39.625 132.875 -0.1531  0.3233 0.4582
1993.0    1.0  1.0 39.625 133.125 -0.0821  0.2545 0.4329
1993.0    1.0  1.0 39.625 133.375 -0.0230  0.1652 0.4209
1993.0    1.0  1.0 39.625 133.625  0.0048  0.0817 0.4187
1993.0    1.0  1.0 39.625 133.875 -0.0089  0.0206 0.4178
1993.0    1.0  1.0 39.625 134.125 -0.0183 -0.0094 0.4131
1993.0    1.0  1.0 39.625 134.375  0.0433 -0.0205 0.4126
1993.0    1.0  1.0 39.625 134.625  0.1369 -0.0266 0.4292
1993.0    1.0  1.0 39.625 134.875  0.1499 -0.0209 0.4591
1993.0    1.0  1.0 39.625 135.125  0.0482 -0.0111 0.4799
1993.0    1.0  1.0 39.625 135.375 -0.0804 -0.0136 0.4759
1993.0    1.0  1.0 39.625 135.625 -0.1261 -0.0267 0.4538
1993.0    1.0  1.0 39.625 135.875 -0.0748 -0.0323 0.4333
1993.0    1.0  1.0 39.625 136.125  0.0201 -0.0255 0.4291
1993.0    1.0  1.0 39.625 136.375  0.1346 -0.0113 0.4457
1993.0    1.0  1.0 39.625 136.625  0.2364  0.0012 0.4839
1993.0    1.0  1.0 39.625 136.875  0.2453 -0.0284 0.5345
1993.0    1.0  1.0 39.625 137.125  0.1509 -0.1081 0.5756
1993.0    1.0  1.0 39.625 137.375  0.0721 -0.1695 0.5980
1993.0    1.0  1.0 39.625 137.625  0.0814 -0.1666 0.6139
1993.0    1.0  1.0 39.625 137.875  0.1394 -0.1369 0.6365
1993.0    1.0  1.0 39.625 138.125  0.1709 -0.1305 0.6690
1993.0    1.0  1.0 39.625 138.375  0.1244 -0.1851 0.6991
1993.0    1.0  1.0 39.625 138.625  0.0100 -0.2713 0.7115
1993.0    1.0  1.0 39.625 138.875 -0.0995 -0.2718 0.6994
1993.0    1.0  1.0 39.625 139.125 -0.1043 -0.1744 0.6729
1993.0    1.0  1.0 39.625 139.375 -0.0253 -0.0732 0.6526
1993.0    1.0  1.0 39.625 139.625  0.0311 -0.0171 0.6507
1993.0    1.0  1.0 39.625 139.875 -0.0072 -0.0120 0.6494
1993.0    1.0  1.0 39.875 128.125 -0.0778 -0.0841 0.4378
1993.0    1.0  1.0 39.875 128.375 -0.0679 -0.1241 0.4182
1993.0    1.0  1.0 39.875 128.625 -0.0415 -0.1721 0.4053
1993.0    1.0  1.0 39.875 128.875 -0.0333 -0.1681 0.3987
1993.0    1.0  1.0 39.875 129.125 -0.0408 -0.1232 0.3907
1993.0    1.0  1.0 39.875 129.375 -0.0102 -0.0799 0.3850
1993.0    1.0  1.0 39.875 129.625  0.0599 -0.0764 0.3880
1993.0    1.0  1.0 39.875 129.875  0.1312 -0.0938 0.4047
1993.0    1.0  1.0 39.875 130.125  0.1619 -0.0927 0.4323
1993.0    1.0  1.0 39.875 130.375  0.1585 -0.0760 0.4634
1993.0    1.0  1.0 39.875 130.625  0.1406 -0.0597 0.4927
1993.0    1.0  1.0 39.875 130.875  0.0874 -0.0401 0.5159
1993.0    1.0  1.0 39.875 131.125  0.0042  0.0102 0.5249
1993.0    1.0  1.0 39.875 131.375 -0.0461  0.1162 0.5188
1993.0    1.0  1.0 39.875 131.625 -0.0481  0.2568 0.5098
1993.0    1.0  1.0 39.875 131.875 -0.0940  0.3745 0.4975
1993.0    1.0  1.0 39.875 132.125 -0.1646  0.4185 0.4709
1993.0    1.0  1.0 39.875 132.375 -0.1701  0.3771 0.4353
1993.0    1.0  1.0 39.875 132.625 -0.1219  0.2849 0.4055
1993.0    1.0  1.0 39.875 132.875 -0.0560  0.1925 0.3873
1993.0    1.0  1.0 39.875 133.125  0.0099  0.1279 0.3815
1993.0    1.0  1.0 39.875 133.375  0.0579  0.0922 0.3875
1993.0    1.0  1.0 39.875 133.625  0.0709  0.0705 0.4003
1993.0    1.0  1.0 39.875 133.875  0.0390  0.0484 0.4110
1993.0    1.0  1.0 39.875 134.125  0.0074  0.0274 0.4134
1993.0    1.0  1.0 39.875 134.375  0.0428  0.0208 0.4150
1993.0    1.0  1.0 39.875 134.625  0.1055  0.0456 0.4283
1993.0    1.0  1.0 39.875 134.875  0.1010  0.0996 0.4494
1993.0    1.0  1.0 39.875 135.125  0.0195  0.1471 0.4625
1993.0    1.0  1.0 39.875 135.375 -0.0673  0.1559 0.4574
1993.0    1.0  1.0 39.875 135.625 -0.0898  0.1270 0.4404
1993.0    1.0  1.0 39.875 135.875 -0.0493  0.0881 0.4261
1993.0    1.0  1.0 39.875 136.125  0.0294  0.0600 0.4251
1993.0    1.0  1.0 39.875 136.375  0.1331  0.0441 0.4425
1993.0    1.0  1.0 39.875 136.625  0.2411  0.0373 0.4804
1993.0    1.0  1.0 39.875 136.875  0.2935  0.0264 0.5369
1993.0    1.0  1.0 39.875 137.125  0.2231  0.0009 0.5915
1993.0    1.0  1.0 39.875 137.375  0.1041 -0.0258 0.6252
1993.0    1.0  1.0 39.875 137.625  0.0565 -0.0266 0.6412
1993.0    1.0  1.0 39.875 137.875  0.0922  0.0067 0.6555
1993.0    1.0  1.0 39.875 138.125  0.1577  0.0579 0.6806
1993.0    1.0  1.0 39.875 138.375  0.1958  0.0719 0.7160
1993.0    1.0  1.0 39.875 138.625  0.0924  0.0205 0.7460
1993.0    1.0  1.0 39.875 138.875 -0.1232 -0.0263 0.7405
1993.0    1.0  1.0 39.875 139.125 -0.1991 -0.0172 0.6997
1993.0    1.0  1.0 39.875 139.375 -0.0872  0.0060 0.6602
1993.0    1.0  1.0 39.875 139.625  0.0188  0.0020 0.6482
1993.0    1.0  1.0 39.875 139.875  0.0178 -0.0150 0.6468
1993.0    1.0  1.0 40.125 128.625 -0.0203 -0.1467 0.4498
1993.0    1.0  1.0 40.125 128.875 -0.0554 -0.1477 0.4445
1993.0    1.0  1.0 40.125 129.125 -0.0820 -0.1421 0.4267
1993.0    1.0  1.0 40.125 129.375 -0.0207 -0.1356 0.4142
1993.0    1.0  1.0 40.125 129.625  0.0752 -0.1377 0.4184
1993.0    1.0  1.0 40.125 129.875  0.1162 -0.1205 0.4365
1993.0    1.0  1.0 40.125 130.125  0.1091 -0.0697 0.4573
1993.0    1.0  1.0 40.125 130.375  0.1059 -0.0096 0.4766
1993.0    1.0  1.0 40.125 130.625  0.1003  0.0335 0.4958
1993.0    1.0  1.0 40.125 130.875  0.0450  0.0626 0.5112
1993.0    1.0  1.0 40.125 131.125 -0.0849  0.0989 0.5079
1993.0    1.0  1.0 40.125 131.375 -0.1906  0.1569 0.4785
1993.0    1.0  1.0 40.125 131.625 -0.1870  0.2223 0.4394
1993.0    1.0  1.0 40.125 131.875 -0.1490  0.2530 0.4062
1993.0    1.0  1.0 40.125 132.125 -0.1180  0.2260 0.3790
1993.0    1.0  1.0 40.125 132.375 -0.0611  0.1620 0.3604
1993.0    1.0  1.0 40.125 132.625 -0.0017  0.0903 0.3550
1993.0    1.0  1.0 40.125 132.875  0.0238  0.0363 0.3579
1993.0    1.0  1.0 40.125 133.125  0.0288  0.0259 0.3622
1993.0    1.0  1.0 40.125 133.375  0.0433  0.0571 0.3685
1993.0    1.0  1.0 40.125 133.625  0.0636  0.0954 0.3787
1993.0    1.0  1.0 40.125 133.875  0.0555  0.1106 0.3903
1993.0    1.0  1.0 40.125 134.125  0.0281  0.1025 0.3972
1993.0    1.0  1.0 40.125 134.375  0.0324  0.0962 0.4003
1993.0    1.0  1.0 40.125 134.625  0.0456  0.1200 0.4062
1993.0    1.0  1.0 40.125 134.875  0.0220  0.1717 0.4124
1993.0    1.0  1.0 40.125 135.125 -0.0172  0.2118 0.4135
1993.0    1.0  1.0 40.125 135.375 -0.0449  0.2088 0.4075
1993.0    1.0  1.0 40.125 135.625 -0.0387  0.1752 0.3987
1993.0    1.0  1.0 40.125 135.875 -0.0027  0.1401 0.3944
1993.0    1.0  1.0 40.125 136.125  0.0562  0.1217 0.4004
1993.0    1.0  1.0 40.125 136.375  0.1374  0.1236 0.4210
1993.0    1.0  1.0 40.125 136.625  0.2340  0.1355 0.4589
1993.0    1.0  1.0 40.125 136.875  0.2890  0.1536 0.5147
1993.0    1.0  1.0 40.125 137.125  0.2318  0.1731 0.5702
1993.0    1.0  1.0 40.125 137.375  0.1162  0.1840 0.6067
1993.0    1.0  1.0 40.125 137.625  0.0333  0.1978 0.6216
1993.0    1.0  1.0 40.125 137.875  0.0082  0.2416 0.6250
1993.0    1.0  1.0 40.125 138.125  0.0641  0.3254 0.6308
1993.0    1.0  1.0 40.125 138.375  0.1773  0.4012 0.6525
1993.0    1.0  1.0 40.125 138.625  0.1505  0.4153 0.6870
1993.0    1.0  1.0 40.125 138.875 -0.0703  0.3722 0.6942
1993.0    1.0  1.0 40.125 139.125 -0.1784  0.3161 0.6600
1993.0    1.0  1.0 40.125 139.375 -0.0275  0.2412 0.6263
1993.0    1.0  1.0 40.125 139.625  0.1034  0.1284 0.6290
1993.0    1.0  1.0 40.375 129.125 -0.0667 -0.0794 0.4559
1993.0    1.0  1.0 40.375 129.375 -0.0216 -0.0749 0.4430
1993.0    1.0  1.0 40.375 129.625  0.0442 -0.0434 0.4415
1993.0    1.0  1.0 40.375 129.875  0.0513  0.0081 0.4525
1993.0    1.0  1.0 40.375 130.125  0.0268  0.0642 0.4588
1993.0    1.0  1.0 40.375 130.375  0.0432  0.1118 0.4625
1993.0    1.0  1.0 40.375 130.625  0.0685  0.1403 0.4724
1993.0    1.0  1.0 40.375 130.875  0.0223  0.1560 0.4826
1993.0    1.0  1.0 40.375 131.125 -0.1055  0.1528 0.4746
1993.0    1.0  1.0 40.375 131.375 -0.1960  0.1087 0.4433
1993.0    1.0  1.0 40.375 131.625 -0.1794  0.0440 0.4046
1993.0    1.0  1.0 40.375 131.875 -0.1203 -0.0022 0.3743
1993.0    1.0  1.0 40.375 132.125 -0.0690 -0.0302 0.3558
1993.0    1.0  1.0 40.375 132.375 -0.0135 -0.0434 0.3473
1993.0    1.0  1.0 40.375 132.625  0.0355 -0.0408 0.3503
1993.0    1.0  1.0 40.375 132.875  0.0307 -0.0312 0.3581
1993.0    1.0  1.0 40.375 133.125 -0.0155 -0.0004 0.3592
1993.0    1.0  1.0 40.375 133.375 -0.0295  0.0562 0.3532
1993.0    1.0  1.0 40.375 133.625  0.0102  0.1107 0.3498
1993.0    1.0  1.0 40.375 133.875  0.0425  0.1432 0.3551
1993.0    1.0  1.0 40.375 134.125  0.0378  0.1534 0.3628
1993.0    1.0  1.0 40.375 134.375  0.0282  0.1551 0.3674
1993.0    1.0  1.0 40.375 134.625  0.0079  0.1634 0.3696
1993.0    1.0  1.0 40.375 134.875 -0.0211  0.1750 0.3673
1993.0    1.0  1.0 40.375 135.125 -0.0252  0.1762 0.3625
1993.0    1.0  1.0 40.375 135.375 -0.0159  0.1614 0.3592
1993.0    1.0  1.0 40.375 135.625 -0.0023  0.1397 0.3583
1993.0    1.0  1.0 40.375 135.875  0.0156  0.1276 0.3599
1993.0    1.0  1.0 40.375 136.125  0.0442  0.1395 0.3660
1993.0    1.0  1.0 40.375 136.375  0.1030  0.1703 0.3815
1993.0    1.0  1.0 40.375 136.625  0.1888  0.2094 0.4116
1993.0    1.0  1.0 40.375 136.875  0.2346  0.2639 0.4574
1993.0    1.0  1.0 40.375 137.125  0.1854  0.3195 0.5032
1993.0    1.0  1.0 40.375 137.375  0.0866  0.3586 0.5319
1993.0    1.0  1.0 40.375 137.625 -0.0037  0.3830 0.5402
1993.0    1.0  1.0 40.375 137.875 -0.0693  0.4086 0.5331
1993.0    1.0  1.0 40.375 138.125 -0.0405  0.4565 0.5193
1993.0    1.0  1.0 40.375 138.375  0.0873  0.5348 0.5194
1993.0    1.0  1.0 40.375 138.625  0.1293  0.6145 0.5414
1993.0    1.0  1.0 40.375 138.875  0.0023  0.6125 0.5539
1993.0    1.0  1.0 40.375 139.125 -0.0602  0.5145 0.5398
1993.0    1.0  1.0 40.375 139.375  0.1230  0.3821 0.5332
1993.0    1.0  1.0 40.375 139.625  0.2720  0.2507 0.5695
1993.0    1.0  1.0 40.375 139.875  0.2468  0.1561 0.6052
1993.0    1.0  1.0 40.375 141.875  0.0199  0.0158 0.4332
1993.0    1.0  1.0 40.625 129.625 -0.0189  0.0558 0.4385
1993.0    1.0  1.0 40.625 129.875  0.0031  0.0823 0.4369
1993.0    1.0  1.0 40.625 130.125 -0.0064  0.0735 0.4346
1993.0    1.0  1.0 40.625 130.375  0.0052  0.0718 0.4314